dates,varname,Российская Федерация,Центральный федеральный округ,Белгородская область,Брянская область,Владимирская область,Воронежская область,Ивановская область,Калужская область,Костромская область,Курская область,Липецкая область,Московская область,Орловская область,Рязанская область,Смоленская область,Тамбовская область,Тверская область,Тульская область,Ярославская область,г. Москва,Северо-Западный федеральный округ,Республика Карелия,Республика Коми,Архангельская область,Ненецкий авт. округ,Архангельская область без авт. округа,Вологодская область,Калининградская область,Ленинградская область,Мурманская область,Новгородская область,Псковская область,г. Санкт-Петербург,Южный федеральный округ,Республика Адыгея,Республика Калмыкия,Краснодарский край,Астраханская область,Волгоградская область,Ростовская область,Северо-Кавказский федеральный округ,Республика Дагестан,Республика Ингушетия,Кабардино-Балкарская Республика,Карачаево-Черкесская Республика,Республика Северная Осетия - Алания,Чеченская Республика,Ставропольский край,Приволжский федеральный округ,Республика Башкортостан,Республика Марий Эл,Республика Мордовия,Республика Татарстан,Удмуртская Республика,Чувашская Республика,Пермский край,Кировская область,Нижегородская область,Оренбургская область,Пензенская область,Самарская область,Саратовская область,Ульяновская область,Уральский федеральный округ,Курганская область,Свердловская область,Тюменская область,Ханты-Мансийский авт. округ - Югра,Ямало-Ненецкий авт. округ,Тюменская область без авт. округов,Челябинская область,Сибирский федеральный округ,Республика Алтай,Республика Бурятия,Республика Тыва,Республика Хакасия,Алтайский край,Забайкальский край,Красноярский край,Иркутская область,Кемеровская область,Новосибирская область,Омская область,Томская область,Дальневосточный федеральный округ,Республика Саха (Якутия),Камчатский край,Приморский край,Хабаровский край,Амурская область,Магаданская область,Сахалинская область,Еврейская авт. область,Чукотский авт. округ,Крымский федеральный округ,Республика Крым,г. Севастополь
2010-01-01,ELECTR_IND_ROG,101.4,102.3,96.4,69.9,110.4,101.9,116.9,110.7,99.8,96.8,104.4,112.7,103.7,114.7,97.3,82.3,91.8,109.2,86.2,108.1,102.3,104.8,98.9,104.0,141.5,,103.1,94.9,103.4,102.2,116.8,115.1,99.4,100.1,116.7,,106.2,98.4,101.9,97.3,101.1,96.3,,81.2,86.2,80.5,,103.0,98.8,103.1,100.5,105.3,109.7,101.6,88.3,105.7,101.6,100.4,103.7,107.6,99.5,82.7,103.1,101.7,99.1,100.0,101.7,100.9,119.8,,105.2,102.2,60.0,100.6,67.8,109.3,96.9,96.2,104.1,101.2,100.3,101.2,107.4,112.3,102.4,98.3,98.4,102.5,100.9,108.4,103.7,95.9,,101.0,,,
2010-02-01,ELECTR_IND_ROG,90.2,90.24656357026409,81.68574401664934,130.76923076923077,86.77953890489914,86.1360807633799,95.30892448512587,96.49122807017544,84.48958058559747,97.28410131217576,92.87683823529412,83.95732622103684,85.4679802955665,80.19257221458047,95.74922360248446,96.59332860184527,95.11842467639768,97.69736842105263,98.56396866840731,87.64293618590926,90.21540221120854,83.97263114244247,92.2882009474496,87.68163372169133,106.98795180722891,,91.19749776586238,117.3473356670556,91.1079647983121,89.21579786023219,82.19653179190752,98.16867469879517,86.23811421738883,89.66935716985746,85.71428571428571,,92.57634553737135,94.71304347826087,84.26240426240426,92.03628074840914,91.00607812300761,101.27901468498344,,88.75,82.76923076923076,81.06508875739645,,88.93356924561687,90.18011730798942,89.73184313415742,85.96993557623479,84.67410452143275,87.10769581922625,95.19115890083631,92.5905188503173,90.69146055244627,83.88695173426316,96.82763482551991,89.70832054037459,85.13309894525365,89.36535899969923,92.17966121702177,88.19221967963387,91.58275756360979,111.77797833935017,94.47146847955615,89.30100495209989,88.75025075225678,92.40676147035148,,92.01225435253681,90.39058253034364,65.85365853658537,93.38794616734933,82.92682926829269,130.89869799936488,99.88502810424119,91.0252686610514,89.41338004829316,89.27978706748083,90.61898415519029,90.4741272592226,87.42704280155642,78.84241245136188,87.47853403141363,89.55997588908981,90.2089552238806,80.790273556231,88.47882906429692,87.9578682597076,88.57014791573286,93.58448340171577,,101.12517580872013,,,
2010-03-01,ELECTR_IND_ROG,101.6,99.40857956401997,119.4,136.5,89.6,111.3,103.9,105.0,102.3,109.6,99.4,94.5,96.7,86.8,90.8,103.7,109.6,95.0,104.0,93.1,104.5,106.9,100.6,103.9,103.8,,106.7,108.7,103.6,104.0,93.4,53.9,114.4,103.4,108.3,,107.7,85.4,105.3,103.5,99.6,129.8,,114.8,107.4,114.6,,91.4,99.5,100.4,104.2,99.2,72.2,106.9,104.3,102.0,98.0,96.9,104.5,98.5,101.5,112.0,102.8,103.6,91.2,95.5,107.6,106.8,103.9,,107.5,102.6,66.7,99.1,102.9,217.2,91.9,104.7,100.7,100.7,100.3,105.6,89.6,91.3,101.8,98.3,106.4,106.4,96.5,102.4,109.5,105.9,,94.3,,,
2010-04-01,ELECTR_IND_ROG,87.12133563420392,80.25334655195908,78.32699619771863,143.10344827586206,75.80120761727821,93.07459241090751,74.23950712360417,75.32467532467531,68.86734849641275,51.80569684638861,83.21713147410358,82.21036713433588,75.6333830104322,91.57908565423017,98.19220640092846,59.41926345609067,88.79569395370339,91.5575412109074,90.93418259023355,80.1141011840689,88.88967461031024,95.65920110828907,92.14369846878681,89.75462763667672,95.91397849462366,,99.08172635445362,37.614399023794995,95.64079183457365,84.3680981595092,76.20481927710843,104.74020054694621,81.60309308096254,81.00112674705727,97.80219780219781,,76.18083670715251,91.46183699870633,100.82607389606488,67.97946059125579,86.6651216685979,104.59542259866643,,119.6319018404908,348.78892733564015,164.96815286624204,,74.15191022896802,91.71318286354865,91.40727750986409,68.28298887122418,72.60656883298392,79.48826689284707,88.37687114763723,97.62364760432767,91.36491337599499,80.13836197277394,90.67844390152227,87.57909844086372,67.52546434991012,86.73920273673208,111.9313795568263,60.85864925935225,88.35540908008672,65.64851704293936,86.77819751753913,91.38812007664467,92.27511703276917,90.95656954370533,,83.36733152009671,90.09815077497025,150.0,77.3330524541816,101.42857142857142,118.923145665773,84.17756749234623,92.65691651432054,86.03168435739389,87.85847364663684,97.90614306664493,91.40544041450777,86.76379417234965,89.1812865497076,87.08641333868644,86.20218579234972,91.35572139303483,94.60668864813941,70.65164135227829,89.0999824899317,93.39186691312385,97.2473604826546,,99.23224568138195,,,
2010-05-01,ELECTR_IND_ROG,93.36790121056431,85.58406126320226,95.14563106796116,74.69879518072288,66.4828431372549,99.14741900480546,51.919087136929456,98.85057471264368,76.70397872104621,115.77687776141386,93.32734889287852,88.04864340095038,58.522167487684726,81.52345431071582,98.3862169288117,37.54469606674613,73.12383785793976,81.57496214033317,79.59374270371235,75.57842689382743,94.75173597299722,118.53729181752352,92.68822702288125,89.89608313349319,98.76681614349775,,91.84430027803523,179.88645579886457,100.05228356143319,97.84031413612566,90.9090909090909,93.47258485639686,70.03040803337812,123.26565644607552,114.6067415730337,,91.78476527900796,81.04667609618105,142.96886637866825,120.91522440598416,93.04738474703177,117.43625086147485,,222.56410256410257,194.94047619047618,199.61389961389963,,67.05738278516445,92.40535040354845,70.49880095923263,79.62747380675204,72.4735322425409,93.25982571581007,55.33045499833942,75.95487829012468,109.85265855221012,79.14230019493176,85.0880829015544,99.04655493482309,84.91570541259982,113.00942156003507,92.30101154592828,61.757425742574256,97.1783543828049,63.99190829399865,97.56467661691542,99.64278780819258,102.09484561830726,59.92747053490481,,90.07657800534686,94.19787545703048,100.0,104.35848542631436,87.32394366197184,94.0259252301334,83.13770871218384,87.65208812890496,96.22064378387257,96.06207142574023,97.38287426146293,86.44512151916672,80.74312254376564,90.99621689785624,85.9715254237288,68.85895404120444,90.06126616746086,89.90540204132436,70.18030513176144,101.67043333005796,85.30430479960415,88.01861186506399,,81.6247582205029,,,
2010-06-01,ELECTR_IND_ROG,94.2,100.6,76.2,83.1,82.0,79.0,91.9,81.4,119.4,113.4,96.6,108.8,98.8,130.6,76.4,97.1,118.1,84.6,86.6,99.4,93.6,86.9,91.9,91.0,86.4,,100.6,123.5,92.1,95.7,97.6,135.3,85.8,89.3,90.2,,113.3,104.8,61.5,113.2,112.2,123.3,,139.6,106.5,111.4,,102.4,90.1,114.4,63.7,78.1,101.6,84.3,79.5,86.4,78.5,81.0,96.9,97.5,82.1,84.6,93.3,94.4,59.2,104.5,90.3,92.8,85.0,,91.7,92.7,66.7,67.7,79.0,107.5,88.8,69.0,106.1,100.0,71.7,71.3,76.9,75.5,86.6,80.1,90.2,85.4,81.7,91.9,89.2,85.1,,78.9,,,
2010-07-01,ELECTR_IND_ROG,103.9,113.9,96.3,65.0,90.6,112.7,115.3,100.7,130.8,93.2,102.0,124.4,116.6,125.6,120.8,87.9,118.9,118.4,76.6,113.1,95.7,80.0,94.7,100.4,99.9,,70.2,94.3,101.3,100.5,88.0,136.0,85.9,109.2,87.0,,116.5,106.8,87.5,121.1,112.5,81.5,,94.1,101.6,103.5,,150.7,105.5,118.9,169.7,116.4,118.7,99.3,74.7,98.9,106.4,90.3,118.0,52.7,86.7,107.9,113.2,99.0,208.7,94.2,99.9,98.2,91.1,,102.7,99.2,100.0,136.9,57.1,112.8,92.1,98.6,91.3,98.6,105.0,110.2,111.4,90.4,100.9,94.8,99.8,104.1,102.3,104.6,82.7,98.5,,88.9,,,
2010-08-01,ELECTR_IND_ROG,102.2,101.4,187.4,72.0,111.0,94.7,157.4,78.0,99.5,74.4,101.5,101.2,154.5,115.4,95.8,151.7,105.2,135.3,110.9,106.9,106.5,93.0,96.5,103.3,102.1,,159.9,100.5,106.2,101.0,110.6,117.9,102.7,100.0,67.5,,110.3,95.2,100.8,97.8,106.2,56.0,,110.2,84.9,91.9,,139.6,98.9,93.8,102.6,96.0,109.3,100.3,133.4,109.1,87.8,93.7,98.3,96.3,98.6,89.3,88.7,105.9,54.9,107.9,105.6,105.8,103.4,,106.6,100.9,100.0,118.0,178.6,130.4,92.3,100.0,98.4,94.0,104.5,97.2,101.1,115.4,101.1,107.8,100.3,95.5,90.1,104.8,104.8,107.5,,94.3,,,
2010-09-01,ELECTR_IND_ROG,102.0,101.4,150.7,111.1,90.6,75.4,101.6,107.3,91.4,149.9,104.5,108.5,85.1,82.1,87.1,374.0,104.5,58.5,81.5,103.8,107.8,99.0,106.7,114.3,114.5,,97.9,85.0,104.7,108.7,156.8,115.0,131.3,92.5,64.8,,83.0,112.7,91.8,93.8,81.7,48.0,,86.5,69.2,73.9,,91.0,100.9,102.9,109.9,135.1,96.9,115.8,98.3,87.8,118.6,101.2,102.7,191.8,91.1,112.7,105.5,104.2,150.3,108.1,102.4,102.8,111.2,,101.3,103.7,150.0,78.5,116.3,74.5,135.1,146.2,97.6,105.5,109.5,125.7,115.2,147.7,106.9,127.4,103.6,120.9,122.2,86.1,124.5,98.6,,126.9,,,
2010-10-01,ELECTR_IND_ROG,114.3,115.3,190.8,160.0,216.8,91.4,148.8,114.4,115.1,136.2,119.2,120.7,152.2,84.7,108.6,198.3,83.4,169.8,162.7,124.7,111.3,129.2,109.5,112.0,113.7,,101.7,135.4,108.8,108.3,110.1,69.7,132.1,116.5,120.0,,105.0,118.2,109.5,122.2,113.6,118.8,,83.9,79.2,69.9,,117.8,119.0,118.4,115.5,144.8,113.8,164.3,136.3,120.5,136.9,125.8,99.5,143.7,124.1,118.2,176.5,109.0,173.2,104.3,109.0,109.0,111.3,,116.5,112.9,66.7,112.9,129.8,127.9,111.2,119.2,117.0,105.1,106.6,111.2,134.9,120.5,122.3,149.9,112.4,109.1,153.7,110.3,120.7,111.9,,123.4,,,
2010-11-01,ELECTR_IND_ROG,102.6,101.3,120.3,151.6,114.8,99.4,96.8,151.1,115.6,100.2,104.1,84.1,93.7,112.4,98.8,119.2,115.8,91.7,97.3,101.7,107.0,98.8,108.1,105.3,101.1,,102.9,105.2,111.1,103.6,88.2,124.6,103.1,98.7,176.2,,88.9,121.5,103.3,96.6,95.5,122.1,,60.7,53.8,97.5,,95.2,102.7,97.1,121.8,109.8,97.9,122.5,95.1,103.3,119.6,106.3,110.0,130.2,103.1,99.2,126.0,98.0,101.9,91.1,101.6,101.7,107.5,,98.0,105.2,100.0,111.3,102.7,106.2,109.7,107.2,108.3,100.3,104.3,112.8,105.2,92.5,109.9,109.2,106.7,102.1,120.1,113.5,106.2,105.2,,109.6,,,
2010-12-01,ELECTR_IND_ROG,112.7,113.1,117.6,120.1,120.9,106.8,91.2,100.5,113.9,100.6,113.7,129.2,119.3,123.4,105.9,101.4,103.1,110.0,136.6,119.4,113.0,91.9,110.5,111.1,107.9,,111.8,102.9,110.6,111.2,115.5,102.1,136.3,111.5,128.4,114.3,124.1,110.5,120.7,105.2,110.5,108.2,,85.9,88.2,74.6,,112.4,116.9,117.9,116.2,148.9,128.7,106.2,134.3,109.4,124.3,133.3,112.8,103.1,126.0,106.5,127.1,110.5,143.3,115.8,107.5,107.2,108.4,,109.2,115.0,150.0,125.7,113.2,111.0,128.2,111.7,110.5,116.9,116.3,108.8,142.3,114.6,117.2,126.4,108.5,120.6,136.8,102.4,101.1,111.4,,111.5,,,
2011-01-01,ELECTR_IND_ROG,98.3,96.7,128.8,97.0,108.9,97.6,107.0,106.3,96.7,97.2,103.6,92.2,104.2,79.9,98.2,122.6,98.8,94.1,98.4,97.9,98.3,95.1,104.2,97.7,96.1,,88.2,155.2,94.6,98.0,90.5,65.4,104.6,102.6,70.5,,91.5,92.5,105.2,105.4,96.6,121.4,,97.2,70.8,82.0,,93.6,95.4,97.2,101.0,104.5,91.8,97.9,103.3,99.9,96.0,100.1,103.3,112.8,99.4,83.8,100.3,99.3,97.7,102.1,99.4,99.2,103.3,,93.9,100.2,133.3,97.2,95.3,102.6,96.6,99.6,96.3,105.3,101.4,95.0,96.8,102.5,99.9,94.8,101.2,100.4,100.6,102.4,99.2,102.8,,100.0,,,
2011-02-01,ELECTR_IND_ROG,91.2,92.4,114.0,90.7,92.9,94.9,98.3,85.3,94.0,92.6,92.2,91.9,84.2,99.9,91.1,93.0,98.1,106.1,100.5,85.8,90.9,109.0,90.5,91.5,92.5,,91.5,95.4,84.2,93.3,102.7,132.2,95.3,96.9,79.1,,101.6,100.4,92.7,97.7,100.8,86.9,,59.6,88.4,81.1,,104.4,91.3,92.3,86.7,93.0,99.4,90.3,98.4,93.6,86.4,92.7,87.1,91.9,91.4,84.8,90.3,93.6,92.4,90.8,93.1,93.1,96.5,,101.4,86.0,75.0,84.3,86.4,86.2,80.2,83.5,89.7,86.7,84.6,80.5,85.0,76.8,88.5,89.7,91.7,86.5,85.2,89.4,94.8,90.3,,94.9,,,
2011-03-01,ELECTR_IND_ROG,102.0,98.7,146.6,52.4,94.9,109.6,84.4,97.3,99.5,117.7,103.0,89.1,94.9,93.0,109.0,94.6,104.7,94.5,101.9,88.2,102.5,101.8,108.8,97.9,100.3,,104.6,116.7,99.7,99.6,92.0,94.1,106.7,102.9,152.8,,95.3,111.8,106.1,102.0,89.1,55.6,,124.5,103.4,100.7,,94.2,105.0,98.5,109.2,88.5,89.5,106.5,92.2,102.9,104.9,89.5,101.9,87.3,101.8,138.2,109.1,102.7,102.2,99.3,105.8,106.6,98.8,,98.7,104.1,100.0,96.8,95.7,132.1,114.6,104.6,96.0,104.5,100.7,112.2,95.6,94.2,99.9,95.9,100.7,115.5,94.3,95.1,94.0,102.3,,95.2,,,
2011-04-01,ELECTR_IND_ROG,87.1,81.4,74.3,61.5,72.1,92.3,100.6,81.1,60.5,67.7,80.6,90.4,90.7,101.2,68.3,73.4,100.3,65.5,87.4,80.9,90.5,101.3,91.4,89.0,95.5,,94.6,79.3,93.1,87.3,94.8,84.6,88.6,84.0,107.4,,96.6,86.8,99.9,73.4,90.9,94.0,,110.2,201.6,126.1,,88.2,91.5,91.8,69.7,63.7,89.6,89.3,98.9,90.6,87.5,88.9,90.0,77.4,92.0,98.5,70.3,88.5,70.6,94.0,86.9,86.7,79.6,,85.9,87.1,66.7,73.5,106.0,82.4,72.1,90.4,93.7,91.1,83.1,69.0,90.8,84.9,86.4,80.4,92.3,81.5,75.2,100.8,90.2,91.4,,101.3,,,
2011-05-01,ELECTR_IND_ROG,94.0,88.3,54.7,37.3,63.3,72.4,51.9,113.0,83.9,98.0,89.5,79.2,60.8,73.4,132.9,35.1,97.4,86.1,87.6,81.6,95.5,116.7,92.4,92.2,93.2,,97.3,101.0,98.0,99.8,58.6,76.2,85.8,99.5,94.3,,76.7,81.4,136.2,82.2,98.7,240.9,,232.9,272.6,287.4,,73.7,92.4,82.8,85.0,73.8,79.6,56.6,92.7,102.3,70.0,88.9,97.8,79.9,103.6,100.1,53.8,99.5,80.4,93.3,104.8,108.5,102.4,,93.7,94.9,100.0,114.8,84.3,91.0,81.5,82.0,101.8,94.1,97.3,97.0,70.8,82.0,91.3,85.4,94.5,101.0,78.8,91.2,99.3,97.8,,82.9,,,
2011-06-01,ELECTR_IND_ROG,92.5,94.1,57.6,124.0,76.4,82.3,148.2,95.2,100.5,86.1,97.3,102.9,118.3,132.4,65.4,141.5,106.9,93.7,67.7,89.5,93.0,66.4,92.8,88.8,87.6,,95.5,128.7,95.4,91.3,145.1,102.4,85.3,83.1,114.6,,117.3,97.7,55.3,104.5,112.1,152.1,,165.0,127.9,115.0,,94.6,90.9,108.3,63.8,99.3,125.1,81.1,59.1,105.5,71.1,79.0,93.4,108.6,76.1,74.5,95.8,94.0,79.7,91.6,93.7,92.3,81.5,,101.0,91.9,33.3,94.8,40.7,120.1,92.8,84.2,87.7,89.1,92.5,91.0,86.4,67.8,87.1,84.0,94.1,80.3,81.3,96.1,85.2,91.9,,80.4,,,
2011-07-01,ELECTR_IND_ROG,104.1,106.7,89.5,45.2,84.3,165.9,79.7,123.6,129.2,94.9,95.8,105.7,83.0,122.3,189.0,75.1,81.5,100.9,103.4,98.1,98.1,78.3,99.2,99.5,98.8,,102.9,104.4,102.9,99.6,82.6,114.8,81.1,122.4,102.1,,111.9,111.3,106.4,135.9,107.0,91.1,,142.0,104.5,104.5,,114.0,98.2,103.4,124.0,93.1,102.5,87.2,119.8,79.7,106.5,96.3,103.7,81.2,108.4,99.6,105.4,105.7,117.5,110.5,103.1,105.8,89.7,,106.4,104.2,100.0,82.8,62.5,98.8,112.9,112.4,105.1,102.2,106.8,112.1,104.6,123.0,100.2,95.8,97.0,101.6,106.8,102.2,89.1,96.6,,97.2,,,
2011-08-01,ELECTR_IND_ROG,100.4,100.4,167.8,114.3,70.7,97.1,63.8,57.2,88.4,129.7,104.4,83.6,92.4,89.7,116.8,90.2,105.1,143.1,102.5,90.2,100.3,103.4,100.1,103.8,103.7,,119.5,96.8,94.0,99.1,82.1,71.7,115.8,95.9,57.3,,84.9,85.0,100.2,97.3,92.7,83.7,,103.3,69.3,86.5,,100.1,104.3,97.9,95.9,83.2,96.6,110.0,97.0,103.1,93.7,92.6,99.7,109.0,98.8,124.2,101.1,98.2,93.4,97.2,100.4,98.1,112.5,,91.5,100.8,100.0,90.4,160.0,104.2,103.4,99.8,100.1,103.4,96.7,90.8,100.8,114.6,99.5,104.6,94.1,106.6,89.4,95.2,102.4,102.7,,100.3,,,
2011-09-01,ELECTR_IND_ROG,102.2,100.8,229.2,50.0,133.1,80.5,183.5,92.8,133.7,76.8,118.6,97.6,209.5,104.5,100.7,194.8,87.8,107.8,100.2,115.0,105.7,117.4,110.1,107.4,105.9,,92.8,88.6,103.4,95.6,120.3,212.9,123.4,99.1,58.2,0.0,87.6,105.9,95.0,102.7,90.9,79.4,,67.8,44.8,66.2,,102.7,102.0,103.4,119.0,129.9,103.9,112.9,116.2,94.3,139.0,109.6,106.2,93.8,99.0,100.0,91.1,100.4,95.9,103.6,98.5,99.7,110.8,,101.9,104.9,100.0,167.5,150.0,91.9,100.8,99.8,113.9,101.9,98.8,102.0,106.7,111.5,107.8,129.4,105.2,95.7,120.6,100.2,130.1,99.9,,112.2,,,
2011-10-01,ELECTR_IND_ROG,112.0,121.4,178.4,1812.5,226.1,199.5,162.3,108.7,107.9,162.9,115.1,101.0,163.2,107.9,104.9,147.8,109.6,123.5,124.5,124.8,106.9,104.6,113.1,113.4,116.3,,104.0,96.5,104.7,125.3,87.1,69.6,103.8,110.6,100.0,,124.7,119.2,111.3,107.3,106.6,84.4,,54.0,111.0,50.9,,115.7,113.8,104.6,118.6,124.0,119.1,183.0,103.5,129.5,123.6,127.0,104.2,148.6,108.0,105.1,168.0,104.9,150.0,109.6,102.3,99.0,114.9,,102.9,111.0,100.0,113.5,158.3,93.6,127.3,131.0,111.0,107.4,115.9,114.0,149.4,120.0,114.5,119.5,112.2,121.9,119.1,103.1,119.8,111.4,,116.6,,,
2011-11-01,ELECTR_IND_ROG,108.3,106.7,146.6,123.4,126.2,132.8,108.2,214.3,96.2,108.1,111.4,106.5,111.7,107.7,92.7,150.2,88.4,100.3,122.1,119.3,107.6,103.8,109.2,102.4,107.0,,94.8,128.2,102.1,103.7,135.4,134.9,121.3,111.5,156.3,,110.6,125.2,112.1,110.1,120.2,128.5,,70.6,74.3,101.1,,122.1,105.2,111.5,155.3,131.7,105.1,119.9,105.8,104.4,126.0,102.3,110.7,103.9,124.8,84.9,152.2,109.6,135.3,106.2,110.5,112.1,107.4,,111.6,109.2,100.0,110.8,108.8,106.0,133.5,104.5,102.6,106.0,115.2,130.4,118.0,122.0,112.7,117.1,108.4,108.7,120.9,113.0,104.4,104.4,,109.1,,,
2011-12-01,ELECTR_IND_ROG,107.5,106.6,123.5,120.7,105.4,108.6,73.1,134.2,103.4,105.7,98.4,96.4,101.6,71.2,110.4,105.4,125.2,114.1,112.6,111.0,106.0,108.2,110.8,109.9,94.9,,99.2,104.3,111.9,106.1,101.9,64.1,98.6,100.0,120.0,,104.4,113.1,111.9,92.4,99.0,94.9,,78.7,75.5,91.5,,100.9,107.3,105.4,97.5,111.8,98.7,102.4,117.8,103.9,102.0,115.5,102.9,113.7,102.3,120.5,110.0,106.8,96.3,107.5,106.4,103.9,105.1,,107.9,109.6,150.0,106.4,150.8,100.7,113.2,113.3,109.9,108.5,111.2,113.9,118.6,112.8,117.9,113.2,124.0,124.9,127.1,110.8,110.5,111.5,,130.1,,,
2012-01-01,ELECTR_IND_ROG,99.8,98.0,104.9,49.5,99.9,96.1,150.5,55.6,96.5,95.4,99.9,98.9,100.3,118.6,91.4,108.8,97.8,85.6,100.4,99.9,100.8,120.2,92.4,106.1,116.7,,100.3,94.0,104.7,100.6,127.0,97.5,93.5,99.0,93.3,,77.4,106.3,101.7,101.4,98.9,95.1,,87.9,82.1,70.4,,100.4,99.9,98.5,99.5,101.2,111.4,101.4,113.2,101.2,110.8,111.8,100.1,103.1,100.3,87.6,95.6,98.9,102.7,97.2,98.8,98.9,100.1,,102.5,101.4,100.0,94.0,77.6,107.2,103.0,101.5,97.7,105.5,99.7,98.6,101.1,100.4,102.7,102.1,98.0,103.6,107.7,101.2,98.4,99.3,,92.4,,,
2012-02-01,ELECTR_IND_ROG,98.9,102.1,82.6,104.6,104.1,97.4,98.0,112.8,99.7,98.2,91.7,118.8,98.3,122.4,65.8,90.1,115.4,115.3,107.3,103.4,104.4,100.3,93.9,98.1,91.4,,109.9,91.0,99.0,97.6,90.6,150.5,134.1,99.6,80.4,,109.2,95.3,88.1,105.1,107.4,78.3,,80.4,81.8,86.8,,113.5,100.9,98.0,93.9,97.0,104.2,98.5,98.8,111.5,101.1,98.7,112.9,107.2,92.1,93.8,86.2,96.5,91.6,101.8,94.6,94.0,96.6,,93.0,94.1,100.0,91.6,100.0,105.4,90.4,93.4,94.7,92.1,91.1,99.0,86.5,92.6,90.0,87.6,94.1,88.5,90.3,88.0,93.1,99.8,,99.3,,,
2012-03-01,ELECTR_IND_ROG,97.4,93.8,107.1,71.9,91.3,105.9,68.7,74.3,99.0,87.9,106.9,84.0,84.3,70.3,118.2,94.4,97.0,82.5,92.1,96.1,95.0,95.7,102.1,97.9,104.0,,82.5,110.2,93.9,98.4,96.3,92.1,91.1,100.0,153.3,,115.0,98.0,103.6,95.4,92.7,94.8,,106.5,107.2,22.2,,92.5,100.9,101.6,91.1,98.9,86.5,102.3,91.5,92.0,91.0,97.9,106.8,85.8,92.5,124.9,114.7,99.9,98.5,94.3,102.7,101.9,109.2,,101.3,98.1,100.0,98.4,84.2,102.4,96.3,101.3,101.6,94.5,98.3,97.1,91.1,94.1,97.1,101.5,99.8,98.2,86.7,100.6,99.5,99.4,,89.1,,,
2012-04-01,ELECTR_IND_ROG,85.8,81.2,62.7,64.6,65.4,93.0,54.9,69.3,56.4,63.3,85.7,86.2,66.8,95.4,99.2,56.6,96.6,63.0,86.4,77.2,84.4,85.3,90.3,86.0,92.1,,104.2,66.9,80.6,91.7,144.6,68.0,80.8,87.7,131.9,,89.1,74.3,92.2,86.4,70.7,121.0,,180.2,264.5,595.5,,60.1,88.4,77.6,71.2,70.5,86.1,80.9,102.6,98.5,80.1,93.5,89.1,76.6,85.4,93.5,60.2,89.0,85.8,92.2,86.9,88.2,90.3,,91.0,87.7,100.0,80.8,72.5,93.1,77.7,83.0,91.8,88.1,86.6,78.9,85.5,78.7,87.4,79.0,89.0,93.6,80.4,93.7,83.5,89.1,,96.0,,,
2012-05-01,ELECTR_IND_ROG,95.6,93.3,82.7,3.8,56.5,76.7,93.9,81.7,94.6,128.6,99.6,85.8,75.7,80.9,92.6,23.5,108.2,65.4,71.4,87.6,93.7,155.7,94.5,91.6,94.7,,88.7,108.7,104.3,86.7,44.9,94.3,69.0,96.2,101.1,,94.8,96.9,138.4,73.3,108.3,132.2,,218.6,219.3,374.0,,89.6,95.5,93.2,81.4,70.0,88.9,54.8,97.4,88.3,74.4,88.7,94.3,59.1,134.3,100.5,52.4,99.0,75.6,87.9,108.0,107.9,101.7,,90.5,96.8,100.0,101.9,67.3,100.1,82.8,90.9,90.3,107.5,93.0,98.5,85.0,91.0,87.6,84.5,93.3,79.1,82.4,97.3,92.4,95.7,,90.5,,,
2012-06-01,ELECTR_IND_ROG,94.3,102.4,68.2,250.0,69.0,93.9,65.7,94.1,113.1,102.1,102.1,106.9,111.8,93.5,117.9,167.6,96.6,145.8,94.6,98.0,89.8,81.8,86.3,88.6,79.4,,88.1,126.9,87.3,91.6,179.1,97.3,82.3,89.5,78.3,,91.4,112.0,85.3,90.7,102.0,95.2,,150.6,116.2,111.2,,99.4,93.7,99.1,72.2,92.5,106.6,92.6,81.6,86.2,89.7,90.2,98.2,78.4,85.4,95.8,108.6,93.9,102.9,96.7,90.8,91.6,92.3,,101.5,90.5,66.7,99.7,81.8,78.3,105.9,78.5,96.0,91.0,87.8,86.5,89.3,100.3,91.8,84.0,92.3,99.2,69.5,106.5,85.5,90.2,,76.2,,,
2012-07-01,ELECTR_IND_ROG,104.0,108.7,112.2,,131.5,94.3,245.8,97.5,122.8,99.9,102.9,118.7,105.3,174.6,83.7,67.4,104.6,113.4,95.5,117.4,102.4,84.9,105.2,103.3,100.4,,128.6,103.9,90.1,107.5,187.5,157.5,108.2,116.7,72.2,,133.7,113.3,77.9,149.5,116.0,119.8,,105.8,99.1,106.2,,119.1,98.6,105.7,147.6,101.9,121.9,110.2,83.9,98.2,107.7,87.9,114.1,138.5,86.1,85.1,116.7,102.9,100.1,107.4,99.2,96.8,93.8,,109.2,102.7,150.0,108.2,51.9,79.1,97.2,101.1,95.8,108.3,109.9,117.6,115.0,122.7,100.9,98.6,102.4,103.5,106.5,100.9,86.0,97.7,,98.3,,,
2012-08-01,ELECTR_IND_ROG,101.2,101.4,225.4,,68.4,134.5,142.4,103.8,95.1,114.2,107.3,104.1,41.6,88.5,100.2,151.1,102.5,90.7,97.6,93.2,101.8,116.6,103.8,103.6,113.9,,92.0,103.2,113.0,95.8,96.2,93.2,83.9,93.1,94.2,,109.1,103.2,97.5,85.2,107.5,62.9,,95.6,91.2,93.3,,127.7,101.0,93.9,112.0,104.5,95.8,100.8,82.9,99.4,88.1,119.9,98.8,107.9,102.4,109.4,95.4,104.4,52.9,104.5,105.1,106.6,94.0,,106.1,102.7,150.0,81.8,150.0,105.8,99.9,93.4,109.5,104.4,95.1,96.7,103.2,93.4,103.8,108.0,99.4,92.7,115.2,107.1,112.4,96.7,,111.6,,,
2012-09-01,ELECTR_IND_ROG,100.2,102.5,154.9,,129.8,182.8,109.3,106.2,128.4,90.1,100.2,90.5,275.2,99.9,100.7,164.2,86.0,99.6,96.3,112.5,103.0,90.0,102.8,105.6,99.9,,109.8,87.5,98.7,105.8,67.1,72.0,137.5,97.7,51.0,,96.5,75.4,90.3,105.2,74.9,78.7,,78.0,68.4,57.6,,75.4,100.4,107.4,91.6,109.5,89.0,116.2,110.5,119.5,117.5,104.5,99.1,173.0,94.3,90.8,111.3,99.1,143.6,107.4,96.1,96.1,120.7,,92.2,101.6,100.0,98.3,147.6,101.7,103.9,118.9,94.4,101.2,108.2,108.4,114.8,102.3,98.9,107.6,98.0,88.7,64.1,111.5,125.1,97.8,,181.1,,,
2012-10-01,ELECTR_IND_ROG,113.0,115.3,152.6,472.7,200.1,98.5,164.9,127.9,116.5,106.4,98.3,114.5,134.6,94.1,151.5,186.6,101.2,148.6,137.7,118.4,117.2,121.5,113.7,111.4,115.6,,103.3,89.8,122.9,103.6,163.2,112.0,141.5,115.3,108.0,,88.7,135.5,109.1,126.1,103.6,106.9,,60.5,74.9,54.3,,108.9,114.5,114.2,111.6,138.1,114.4,165.5,139.2,120.9,138.4,131.7,108.7,99.1,112.7,101.5,145.1,103.6,142.5,98.4,106.6,104.2,114.8,,100.5,115.3,100.0,109.5,129.0,166.8,115.9,134.9,122.7,106.9,104.4,98.9,94.0,98.4,116.5,124.4,112.2,108.3,132.4,115.1,105.9,118.3,,76.2,,,
2012-11-01,ELECTR_IND_ROG,105.5,105.3,125.9,196.2,111.4,122.6,140.3,179.1,90.9,118.1,110.5,88.2,110.0,85.1,99.5,125.8,99.9,109.9,124.1,114.3,102.4,105.6,101.2,106.0,103.9,,87.8,132.3,92.8,103.3,114.7,83.9,117.2,106.7,203.7,,118.9,120.1,137.1,89.1,107.4,120.2,,74.7,66.6,138.5,,108.1,108.2,102.3,114.2,108.1,92.5,108.2,125.5,106.8,107.8,133.2,99.2,120.7,131.9,105.5,127.7,102.9,103.7,106.2,99.0,100.0,105.6,,112.1,104.2,100.0,118.1,140.0,80.7,130.2,111.2,104.7,95.9,121.3,117.5,126.7,122.8,115.9,123.0,105.7,122.1,133.6,107.6,103.2,107.5,,89.3,,,
2012-12-01,ELECTR_IND_ROG,113.8,111.6,116.5,135.4,153.5,105.2,151.6,161.4,108.0,115.6,113.1,125.1,118.5,128.4,90.2,119.9,101.4,125.9,115.8,116.2,114.7,89.2,109.4,114.9,95.5,,114.9,103.5,117.9,126.7,80.3,131.1,115.4,120.1,103.6,,109.0,108.8,126.7,121.0,118.2,129.4,,78.1,93.3,76.1,,118.3,113.1,113.3,145.0,129.3,116.7,108.4,105.3,107.3,116.0,106.4,105.5,116.2,120.7,112.8,147.6,113.9,95.6,110.0,116.4,113.9,135.1,,114.5,113.9,100.0,139.1,176.8,117.6,111.8,116.3,112.9,112.1,109.6,116.4,121.0,110.8,115.2,111.4,113.2,126.1,134.1,103.0,114.6,111.3,,98.0,,,
2013-01-01,ELECTR_IND_ROG,96.7,97.3,82.5,100.9,103.4,98.2,98.7,97.2,97.7,86.1,95.3,100.9,90.6,82.5,110.7,97.7,111.6,89.9,99.4,92.6,99.2,101.7,99.2,96.4,113.2,,101.3,97.2,99.0,96.5,113.6,71.7,103.3,90.9,94.7,,94.7,102.7,82.8,94.1,96.9,86.1,,93.6,77.1,86.5,,100.0,99.0,90.6,96.6,103.0,105.6,95.9,95.7,96.2,102.6,103.8,98.6,104.7,86.5,110.2,103.6,95.9,108.6,89.7,99.1,98.7,92.6,,95.4,96.9,60.0,97.8,64.0,104.3,93.5,102.0,97.9,95.4,91.3,97.5,95.7,96.7,99.3,103.2,99.4,96.8,101.4,97.6,100.9,92.7,,142.7,,,
2013-02-01,ELECTR_IND_ROG,89.4,89.0,86.6,81.3,79.2,92.8,79.1,99.7,95.0,103.6,84.9,89.5,82.3,93.0,92.9,72.9,80.1,81.3,97.3,83.4,85.3,84.3,93.1,86.9,82.8,,92.9,70.6,85.0,90.1,73.1,98.9,80.7,89.5,101.9,,85.3,84.9,90.6,90.7,76.4,112.5,,75.5,89.7,83.8,,69.1,93.6,93.0,75.9,94.6,108.4,92.0,87.5,90.8,82.5,96.5,94.1,81.5,87.5,94.7,91.3,89.2,88.6,91.0,89.7,90.5,77.7,,83.6,89.9,100.0,94.4,81.3,98.6,90.7,85.3,86.6,90.1,87.6,93.1,83.9,98.0,88.0,87.2,90.5,85.6,87.0,88.8,93.1,91.1,,98.0,,,
2013-03-01,ELECTR_IND_ROG,106.8,105.5,109.8,93.1,118.5,110.3,132.3,104.2,113.5,90.7,108.6,119.7,124.1,113.6,86.2,108.1,92.3,104.4,112.6,118.3,109.9,109.4,104.1,114.6,116.3,,108.7,127.7,110.3,109.0,103.6,123.0,106.3,113.4,149.1,,109.0,98.0,112.6,116.9,113.0,125.4,,109.7,95.2,100.0,,109.8,108.3,98.8,115.9,108.8,119.3,116.3,118.2,109.8,114.2,120.1,108.0,103.8,105.0,104.5,101.6,107.5,106.1,107.2,107.9,108.5,122.0,,106.1,103.6,100.0,98.4,98.1,96.9,101.4,101.6,112.2,103.5,98.1,99.9,102.1,96.3,102.6,100.2,104.9,107.0,107.5,96.4,109.6,102.7,,100.7,,,
2013-04-01,ELECTR_IND_ROG,87.3,82.7,64.4,54.3,61.9,92.3,78.0,106.0,57.5,62.3,86.4,89.2,77.3,99.1,87.2,66.2,119.7,75.9,83.4,74.4,88.5,96.1,93.2,82.9,87.7,,103.4,81.9,86.9,78.6,131.8,131.7,89.3,94.3,108.5,,77.8,87.1,111.2,89.5,92.8,93.2,,139.6,226.5,133.3,,88.3,85.7,95.6,72.3,65.9,94.0,82.6,88.8,79.2,85.7,91.1,93.0,72.0,90.2,79.1,57.6,88.4,76.9,89.1,87.2,88.7,71.1,,92.6,90.2,100.0,79.3,90.2,82.2,77.4,96.1,94.2,89.4,95.0,92.4,90.7,84.9,86.7,82.6,91.9,94.5,79.5,86.6,84.6,92.4,,96.1,,,
2013-05-01,ELECTR_IND_ROG,92.8,86.2,61.2,,36.6,77.0,42.3,32.9,70.2,101.7,100.0,90.9,42.8,69.7,97.8,46.3,103.8,66.1,78.2,77.8,84.1,109.6,98.6,93.1,93.6,,89.8,88.1,61.5,105.1,89.8,70.2,87.6,95.4,94.4,,105.3,96.1,100.7,89.2,100.3,115.5,,251.7,234.0,300.0,,79.6,96.7,92.7,72.8,75.0,83.1,54.5,87.0,111.5,78.1,89.4,93.3,84.7,97.8,111.0,61.7,98.0,88.3,87.0,106.6,106.1,133.6,,86.3,95.2,100.0,95.0,60.9,125.6,84.4,80.5,93.6,96.1,89.1,91.9,79.2,88.0,90.6,81.2,93.1,83.0,76.0,110.8,91.1,96.4,,93.5,,,
2013-06-01,ELECTR_IND_ROG,93.2,100.4,56.7,,87.1,103.1,175.2,86.1,119.9,129.7,90.4,99.5,177.1,101.5,88.0,73.0,95.7,106.2,65.8,93.1,90.2,76.6,86.0,88.4,86.4,,92.0,145.6,107.3,81.6,98.2,118.6,65.0,96.0,94.9,,102.8,108.6,90.8,97.2,97.6,94.3,,144.8,119.5,103.1,,91.7,93.0,95.9,104.0,95.2,114.3,79.7,99.1,94.9,64.3,76.4,88.3,90.8,95.0,87.0,78.1,90.6,82.6,96.6,89.8,90.2,82.8,,83.2,90.9,100.0,88.6,53.6,123.7,83.5,87.6,90.5,87.7,84.9,68.7,85.8,76.0,85.7,75.4,90.6,86.1,70.0,97.2,85.7,88.3,,73.7,,,
2013-07-01,ELECTR_IND_ROG,102.2,103.9,88.0,,122.4,69.8,107.0,112.4,128.6,80.6,101.8,109.6,82.0,127.5,113.9,77.5,104.5,123.6,105.0,111.5,99.7,85.3,105.6,102.1,95.9,,111.3,86.2,101.0,107.5,23.7,5.7,112.1,95.6,91.0,,98.8,113.0,68.3,113.5,129.3,114.0,,115.6,98.4,109.2,,148.4,105.2,91.1,151.3,118.9,120.1,112.0,83.9,112.3,82.8,123.1,117.5,70.6,79.8,109.9,139.3,100.1,96.4,112.1,92.8,91.2,121.6,,113.3,100.7,100.0,106.4,140.0,100.7,93.9,95.3,104.3,105.3,92.0,90.1,97.7,71.6,98.7,106.9,98.6,102.5,99.9,94.4,87.7,98.6,,104.7,,,
2013-08-01,ELECTR_IND_ROG,101.4,102.0,191.6,,102.1,119.4,102.6,119.5,92.2,74.4,106.5,100.8,98.1,124.1,96.9,208.2,119.2,90.7,93.9,98.6,104.6,107.1,98.6,101.2,102.7,,100.6,88.3,101.9,98.5,184.5,2225.0,112.2,96.5,78.2,,95.4,100.7,92.4,98.3,97.0,110.5,,87.2,77.9,98.5,,95.1,98.0,102.4,80.4,94.6,105.5,101.6,94.1,85.3,124.4,99.5,87.6,86.7,97.9,106.8,96.0,104.0,48.6,103.9,105.7,108.2,100.1,,100.0,101.5,100.0,104.0,104.5,88.6,103.2,100.7,111.8,100.7,93.0,99.9,95.7,130.9,104.3,97.2,99.5,90.8,129.7,106.1,109.3,103.3,,103.7,,,
2013-09-01,ELECTR_IND_ROG,103.5,104.7,134.5,,124.4,138.3,89.4,213.5,119.2,122.0,102.4,94.1,105.0,96.1,86.4,131.9,102.3,118.1,97.8,104.1,112.6,94.2,114.3,107.9,107.4,,99.2,99.1,122.4,107.0,275.8,128.1,110.5,99.6,105.1,,83.9,97.6,102.1,102.5,87.6,74.7,,86.6,95.3,69.4,,94.0,101.4,107.6,101.9,117.2,89.8,127.9,102.6,104.5,114.1,117.9,99.1,157.6,103.5,98.3,92.6,101.6,151.3,96.8,104.1,107.9,75.6,,96.9,105.9,100.0,101.8,139.1,97.8,102.2,111.6,109.1,103.7,111.8,107.8,116.2,102.9,99.1,120.1,103.4,93.9,84.1,97.5,113.7,99.5,,108.0,,,
2013-10-01,ELECTR_IND_ROG,111.8,113.3,141.8,3200.0,196.4,96.4,90.3,127.2,96.9,94.2,108.6,116.6,170.3,143.6,122.4,187.1,101.5,169.4,132.5,124.2,117.5,113.5,111.1,115.7,118.9,,106.7,92.0,130.1,116.8,98.2,65.3,125.3,106.1,97.6,,130.9,130.7,114.7,94.8,109.8,101.3,,61.0,71.7,59.4,,123.5,115.2,113.7,114.1,118.2,117.3,164.0,157.8,95.4,177.6,122.1,126.8,157.8,117.5,110.0,165.7,109.3,131.4,120.4,105.1,102.1,125.5,,102.7,107.2,100.0,133.9,134.4,102.3,127.2,113.7,113.8,85.9,106.7,132.7,137.4,165.2,117.0,130.2,114.0,139.9,139.0,95.4,112.4,110.4,,106.7,,,
2013-11-01,ELECTR_IND_ROG,100.5,98.6,95.3,131.3,96.4,116.5,117.1,90.6,93.0,149.8,100.6,87.2,81.6,69.0,103.4,91.7,89.6,66.5,102.1,105.0,103.2,120.6,100.0,98.4,101.4,,90.1,151.8,102.1,98.2,103.3,63.7,106.3,104.2,107.4,,119.9,95.2,109.5,98.4,87.3,61.6,,65.9,47.6,89.8,,99.5,101.9,102.3,105.9,111.2,94.7,101.9,90.8,109.0,98.9,116.6,93.2,115.4,107.8,98.8,108.3,99.4,109.2,86.5,101.4,100.3,109.1,,122.7,99.1,100.0,102.2,106.1,96.9,120.1,103.2,96.0,99.3,107.6,99.4,93.1,100.0,110.4,111.8,104.3,101.0,119.1,113.6,109.1,103.7,,121.7,,,
2013-12-01,ELECTR_IND_ROG,110.8,113.2,104.0,145.2,139.6,105.0,126.2,100.9,84.3,108.2,114.1,106.9,126.8,89.5,134.4,169.8,110.5,162.3,126.1,120.6,107.0,113.9,109.4,109.7,95.1,112.9,114.3,103.7,113.4,110.5,95.5,103.4,90.7,115.1,119.5,,108.6,121.8,119.7,113.7,127.8,126.1,,78.5,86.2,82.1,,131.5,110.0,107.8,120.8,115.0,112.0,108.8,108.9,111.8,112.2,124.6,107.6,107.4,118.6,99.1,145.4,108.7,106.4,102.6,109.3,108.9,106.7,113.8,118.1,108.7,100.0,107.0,127.1,99.4,120.0,122.9,105.1,113.2,105.7,112.1,118.4,119.7,116.5,110.6,108.1,117.1,126.8,116.1,118.7,112.6,,104.2,,,
2014-01-01,ELECTR_IND_ROG,100.9,99.9,72.2,100.0,128.7,99.9,125.6,114.6,94.3,101.7,104.0,96.9,109.4,106.8,100.0,89.4,87.5,91.0,121.0,108.3,103.2,115.1,105.7,109.2,130.7,105.3,102.2,100.2,97.3,103.5,99.5,96.7,110.3,92.3,104.8,,99.5,107.0,101.1,82.2,95.4,102.8,,81.9,84.1,87.4,,94.5,100.1,94.6,110.0,109.6,105.8,100.6,117.2,104.6,105.7,111.8,99.2,104.5,100.9,88.6,116.1,101.6,111.1,107.7,100.7,101.0,109.1,92.6,94.3,103.8,100.0,100.1,55.8,101.7,102.4,101.9,103.2,99.9,112.4,117.3,105.7,98.5,102.5,106.0,103.7,94.2,103.6,107.1,89.8,100.9,,102.6,,,
2014-02-01,ELECTR_IND_ROG,91.5,90.1,76.4,71.4,72.2,85.3,75.8,94.6,121.7,88.6,80.4,96.9,80.2,91.6,93.2,84.7,93.0,82.0,86.5,83.4,88.8,81.2,94.1,87.3,86.9,87.4,95.8,90.9,92.9,87.4,87.8,87.8,79.8,94.5,87.4,,94.3,90.1,87.0,101.1,93.2,114.2,,101.5,84.1,82.4,,88.9,94.6,97.1,89.6,88.8,94.8,87.5,97.7,94.0,93.7,92.3,104.9,81.6,94.1,91.5,94.1,88.7,79.3,91.2,89.3,86.7,92.9,108.8,82.0,94.2,100.0,96.9,90.5,85.4,95.0,88.1,89.4,102.2,99.5,102.5,92.1,91.5,88.8,88.9,89.4,88.6,85.9,89.2,92.0,91.1,,99.1,,,
2014-03-01,ELECTR_IND_ROG,100.7,96.4,111.8,83.3,94.6,93.2,107.4,87.3,89.4,139.3,103.3,93.1,104.7,86.1,76.7,103.0,100.8,79.1,94.2,90.0,107.8,109.9,106.5,103.1,97.0,104.5,99.0,107.2,121.1,100.4,102.8,108.6,93.7,99.7,118.3,,101.5,97.1,107.9,93.8,88.5,94.3,,97.5,109.5,96.8,,86.3,104.1,97.9,84.5,95.6,91.5,110.7,109.3,104.2,100.6,109.3,89.0,94.7,96.5,131.2,86.4,104.1,105.9,96.3,104.2,106.6,99.0,89.9,120.9,98.3,100.0,98.2,87.7,103.0,95.7,101.9,101.6,98.2,91.2,91.6,96.9,90.1,97.5,95.8,104.1,104.1,104.0,89.4,104.3,101.3,,90.5,,,
2014-04-01,ELECTR_IND_ROG,89.7,87.8,73.0,60.0,84.3,115.3,82.1,91.7,75.2,62.5,87.3,101.2,77.8,98.6,118.8,74.4,88.1,98.7,70.2,81.6,89.1,89.5,93.9,91.5,97.8,90.0,94.8,72.2,91.2,90.0,64.7,98.7,84.4,98.1,99.2,,80.6,86.0,107.1,103.5,84.6,73.6,,106.2,121.7,73.8,,86.7,91.9,94.9,89.5,82.4,96.3,100.3,97.4,96.3,86.0,87.3,97.3,80.3,89.5,87.4,72.9,90.2,98.9,99.4,84.7,84.0,68.6,102.8,97.0,88.5,100.0,77.2,89.7,102.1,77.9,84.0,97.8,75.8,92.2,87.5,92.6,80.4,86.3,78.2,90.3,86.4,72.6,97.0,89.3,92.1,,102.1,,,
2014-05-01,ELECTR_IND_ROG,94.3,89.2,61.0,,46.9,80.5,80.2,49.5,89.5,118.1,94.5,83.2,58.0,73.7,79.8,33.3,103.6,82.6,63.9,85.1,91.8,98.9,91.8,89.6,96.6,88.3,114.2,104.2,76.4,92.0,137.6,150.2,110.4,103.0,109.8,,91.5,90.4,106.5,107.3,103.9,129.0,,365.2,209.2,407.8,,86.4,93.0,82.3,67.2,87.0,111.4,96.7,70.2,102.6,76.0,89.2,97.0,48.3,94.6,89.8,49.1,97.1,75.3,88.3,106.2,107.5,118.9,91.4,82.4,96.2,100.0,92.6,69.2,74.1,82.3,90.8,94.8,114.6,97.6,98.7,71.0,96.5,95.1,89.3,95.6,105.3,93.1,93.5,93.8,96.6,,91.4,,,
2014-06-01,ELECTR_IND_ROG,93.6,104.1,63.0,,152.2,119.5,87.9,82.0,104.7,102.9,91.3,108.4,89.7,109.4,94.8,95.0,108.8,101.7,85.8,99.7,87.5,90.8,92.1,94.4,96.4,93.9,88.6,79.2,76.6,95.9,57.2,103.0,100.6,84.2,87.4,,92.6,90.5,65.5,94.4,108.0,93.9,,118.8,116.2,124.5,,111.0,91.5,89.6,107.4,84.0,77.1,102.4,64.1,101.3,65.3,93.1,103.5,106.2,90.4,91.7,105.0,94.6,77.0,97.4,95.6,98.4,93.0,74.6,86.7,91.7,100.0,82.5,77.8,138.6,99.3,93.5,83.4,90.4,85.2,86.1,103.9,65.1,84.6,78.9,90.7,86.6,80.8,85.0,85.9,90.6,,95.3,,,
2014-07-01,ELECTR_IND_ROG,103.7,102.5,76.7,,153.6,56.1,18.8,91.9,119.3,93.7,108.2,93.4,110.1,110.5,138.2,72.6,112.5,132.4,104.2,97.0,98.3,80.1,102.3,97.3,99.4,96.8,106.8,112.9,106.4,101.7,193.9,2.2,81.4,110.0,94.9,,117.5,115.5,92.3,116.1,118.0,99.5,,111.6,102.8,122.5,,125.7,105.8,132.1,112.2,112.8,109.8,95.7,108.6,82.2,120.3,90.5,123.0,84.8,85.7,123.9,108.2,101.8,127.1,105.1,96.3,93.2,103.3,121.6,121.5,103.5,66.7,100.0,103.6,119.1,89.8,96.8,101.4,103.2,96.5,107.6,95.2,97.0,106.9,106.7,101.6,115.9,95.7,111.3,96.9,102.5,,75.1,,,
2014-08-01,ELECTR_IND_ROG,101.5,104.9,185.2,,61.3,116.2,225.9,92.5,127.2,96.1,111.2,105.7,130.1,125.3,105.5,147.7,98.2,100.1,103.9,102.5,107.6,111.1,94.6,103.2,97.5,104.5,105.2,108.3,116.5,98.2,107.7,661.3,107.9,102.1,75.9,,113.7,112.5,92.7,100.6,105.1,83.3,,87.8,79.9,75.5,,115.1,100.0,100.6,117.2,95.3,130.5,74.8,99.5,99.0,122.0,103.7,99.4,147.3,97.9,87.5,98.6,101.2,95.7,96.5,103.0,102.9,104.0,103.1,103.1,96.1,100.0,96.2,182.8,72.6,108.3,98.5,98.3,96.4,119.4,101.9,104.4,104.0,101.1,96.1,99.2,95.3,94.4,112.8,94.2,96.5,,91.1,,,
2014-09-01,ELECTR_IND_ROG,101.7,105.0,158.1,,78.4,118.6,388.5,110.2,119.8,112.2,96.3,102.9,119.4,100.1,100.6,161.8,100.4,88.6,106.7,97.9,101.8,89.7,114.1,107.1,100.6,108.4,99.3,96.4,96.3,110.9,99.0,456.5,97.6,95.3,98.8,,89.4,89.0,114.4,91.1,84.9,94.8,,84.9,86.0,81.8,,83.1,98.5,102.0,92.5,107.5,74.0,173.8,105.1,103.3,155.8,92.9,102.3,131.7,112.8,89.8,94.1,101.2,126.0,97.8,105.4,109.6,69.9,95.9,86.8,106.1,150.0,129.6,88.7,82.9,122.2,114.8,108.0,106.0,119.9,91.8,129.0,104.1,99.0,120.5,101.8,96.7,130.4,78.8,111.8,101.7,,121.7,,,
2014-10-01,ELECTR_IND_ROG,116.0,118.8,123.0,2200.0,295.5,108.3,118.5,128.3,108.6,132.1,117.0,107.6,125.7,90.5,106.8,224.5,111.7,111.1,163.1,144.5,116.0,119.4,107.7,115.1,109.0,116.3,108.0,117.8,112.7,110.2,44.2,97.7,148.9,112.0,106.0,,116.2,108.7,102.6,115.5,115.0,118.1,,51.0,92.3,30.1,,121.5,116.3,109.7,124.4,153.4,133.2,128.0,156.5,102.6,112.1,116.5,113.6,151.4,112.3,117.1,195.4,114.0,122.6,116.0,111.1,108.0,155.7,118.2,124.0,114.3,100.0,148.0,150.0,103.8,125.2,110.4,117.6,106.7,115.8,122.5,114.1,136.0,123.3,131.1,113.1,142.2,145.4,98.5,120.1,113.8,,116.8,,,
2014-11-01,ELECTR_IND_ROG,103.4,98.7,115.9,190.9,130.3,119.5,88.2,148.1,91.3,99.4,107.0,98.5,124.2,131.2,83.7,119.2,77.6,127.1,104.8,112.3,108.2,102.8,102.7,97.9,74.7,102.7,100.0,119.9,118.9,106.7,206.6,90.1,96.7,102.7,111.2,,98.9,119.7,108.9,99.3,118.4,108.3,,57.3,79.3,137.5,,123.5,106.0,104.6,116.4,102.3,101.9,100.2,97.6,117.6,109.5,111.3,103.6,107.6,103.1,102.3,114.7,101.0,115.6,97.5,100.6,99.9,111.7,98.9,107.9,103.6,100.0,117.4,89.3,103.5,117.5,110.7,105.2,92.1,109.4,113.6,105.4,103.9,109.6,110.8,106.7,112.6,119.5,99.5,114.2,102.3,,111.9,,,
2014-12-01,ELECTR_IND_ROG,109.5,112.0,105.0,147.6,110.8,98.4,82.5,183.2,102.0,104.4,105.1,109.6,105.6,110.5,124.9,99.5,114.4,110.4,107.4,121.7,107.7,116.3,110.1,106.6,98.7,108.2,106.2,103.5,109.3,107.3,100.1,99.9,105.3,108.7,97.0,,111.1,110.0,111.6,106.3,116.1,93.3,,100.9,78.5,114.7,,121.4,105.7,102.9,114.0,101.4,110.5,104.6,110.5,103.5,104.9,114.7,138.8,106.0,122.2,77.6,130.1,107.4,119.4,113.1,104.8,104.5,94.1,115.4,107.2,110.2,133.3,108.7,217.6,118.0,117.6,111.9,103.1,106.7,123.4,115.2,112.5,112.1,118.6,112.0,111.9,120.1,129.5,116.5,107.5,115.8,,121.0,,,
2015-01-01,ELECTR_IND_ROG,98.7,96.1,81.5,60.6,98.7,115.3,103.0,68.7,83.9,97.1,105.7,93.4,94.7,80.6,102.6,91.1,102.1,83.8,117.2,91.4,98.7,92.0,97.8,103.1,102.5,103.2,92.4,99.9,95.9,104.6,109.1,97.9,101.5,101.1,107.0,,89.8,97.3,95.8,108.9,87.4,97.3,,80.0,75.6,87.8,,86.3,104.8,94.5,102.6,97.0,92.8,105.3,104.9,95.2,107.6,123.8,99.5,104.1,95.9,139.2,105.3,98.0,102.5,97.4,96.0,93.3,118.3,103.6,106.9,98.6,73.6,81.5,57.1,107.0,98.1,100.4,101.5,96.2,96.4,97.3,99.0,94.6,97.1,101.6,98.6,91.3,101.2,92.3,91.2,109.8,,95.9,109.5,107.7,121.4
2015-02-01,ELECTR_IND_ROG,90.4,90.4,100.2,67.5,92.4,75.5,84.4,92.1,94.6,92.1,87.0,91.6,82.5,98.7,91.8,87.1,89.8,88.7,84.7,92.0,91.7,91.0,89.7,86.0,94.4,84.3,107.8,91.1,90.9,88.0,80.1,93.6,94.3,88.2,99.6,,93.0,93.3,86.1,86.6,89.3,81.7,,80.5,86.1,85.9,,90.6,92.0,87.5,76.5,85.4,85.5,91.1,91.9,88.7,87.5,98.2,98.3,88.2,91.9,99.8,78.2,90.9,88.8,90.4,89.8,88.6,87.5,99.9,96.6,89.3,104.0,91.9,101.6,92.1,86.3,86.3,85.5,93.0,93.8,89.2,84.9,82.1,87.1,87.3,89.6,90.0,82.8,84.5,95.5,91.6,,91.2,94.5,95.2,89.4
2015-03-01,ELECTR_IND_ROG,103.3,101.3,110.5,85.1,105.7,126.8,74.1,122.9,71.3,94.4,102.7,98.6,100.6,94.7,107.3,108.4,123.7,98.5,102.5,92.3,101.4,110.4,105.7,103.0,100.2,103.6,88.4,103.2,103.2,104.1,111.5,110.6,95.7,103.7,96.1,,104.3,103.7,106.9,102.1,104.4,92.4,,123.0,105.1,14.0,,106.5,104.4,102.3,109.7,97.3,100.1,99.8,107.6,106.2,94.6,113.3,103.2,98.1,101.4,108.2,104.8,104.5,103.6,109.9,103.2,105.2,85.5,101.5,100.8,105.2,85.7,105.0,90.9,99.1,107.0,102.7,113.8,98.8,100.9,110.5,102.7,103.6,102.2,98.8,106.5,111.2,90.5,107.1,104.7,101.8,,99.9,69.6,107.3,25.5
2015-04-01,ELECTR_IND_ROG,91.3,92.1,78.4,87.8,55.2,69.2,101.3,68.8,96.3,83.9,88.2,145.6,74.5,98.4,77.1,75.8,87.7,75.6,85.4,98.7,90.1,91.7,97.9,92.3,99.3,90.7,112.7,68.1,84.9,86.7,114.1,107.5,93.3,94.2,128.2,,92.3,70.5,86.0,102.1,80.0,71.7,,118.0,121.3,681.0,,79.5,93.4,105.2,73.3,83.7,95.3,90.0,121.1,85.7,98.8,83.4,95.8,85.6,91.7,94.4,74.2,91.8,86.3,86.7,95.9,98.0,104.2,78.4,86.1,89.7,125.4,100.7,85.0,99.2,86.6,88.5,91.3,88.7,80.1,86.9,96.2,86.2,89.7,84.3,91.7,91.5,84.1,93.3,92.1,96.8,,104.9,68.1,69.4,40.5
2015-05-01,ELECTR_IND_ROG,93.0,84.9,52.1,,33.9,123.4,74.2,64.9,117.5,98.2,93.4,82.1,64.5,102.6,84.4,35.4,84.1,85.0,62.6,65.8,92.0,129.6,92.8,90.4,95.4,89.3,93.0,70.9,100.5,91.2,47.2,116.9,76.1,94.7,107.0,,71.8,99.6,172.6,72.2,107.8,269.7,,275.1,146.9,349.3,,85.0,95.6,84.4,74.9,58.9,96.9,58.6,88.8,112.9,69.2,87.6,71.4,47.3,116.6,103.6,52.2,98.0,89.8,96.3,102.4,103.7,86.5,102.4,84.1,93.5,100.6,77.5,87.9,124.2,69.0,88.6,96.0,98.8,81.2,81.4,69.6,80.2,92.0,87.4,96.0,81.7,80.3,116.8,87.0,98.0,,83.7,80.2,80.1,85.7
2015-06-01,ELECTR_IND_ROG,94.1,104.3,67.4,,113.8,103.0,79.2,47.2,90.3,86.5,93.2,107.8,109.1,91.6,113.1,156.8,124.1,152.0,108.7,96.6,85.8,86.4,89.5,90.4,95.2,89.2,94.8,120.2,80.5,89.9,199.9,96.3,67.2,87.4,92.4,,134.6,105.1,65.6,89.4,109.6,176.4,,148.7,127.8,123.0,,82.5,96.0,97.3,108.1,106.8,105.0,95.4,79.0,100.6,72.3,104.8,132.8,105.7,78.4,91.5,96.0,89.8,78.0,81.0,92.1,91.5,85.6,104.0,97.9,91.9,97.6,82.2,74.0,98.7,87.5,88.7,90.8,101.2,80.2,80.8,93.0,74.6,91.4,85.8,96.1,95.8,79.5,100.2,86.6,89.0,,72.1,68.1,67.5,92.4
2015-07-01,ELECTR_IND_ROG,103.3,106.3,77.4,,66.2,71.2,110.2,112.5,128.8,119.5,99.9,98.6,110.1,86.6,108.7,62.6,112.7,113.9,97.3,105.0,101.8,76.2,101.6,105.5,102.5,106.2,109.6,111.6,93.5,113.6,102.8,13.9,120.9,123.5,95.1,,98.4,99.2,98.3,156.7,82.9,54.0,,113.2,86.5,104.4,,100.5,98.6,106.0,138.9,93.4,100.9,120.5,108.1,102.7,52.6,101.1,102.3,104.2,99.6,90.8,77.0,106.6,83.0,105.8,107.5,107.2,123.0,100.0,106.8,100.6,99.4,97.5,85.8,73.8,102.5,103.7,98.2,110.0,116.0,115.2,102.4,107.7,98.4,96.2,99.2,100.1,96.9,99.0,89.3,101.9,100.0,101.5,131.4,135.0,36.0
2015-08-01,ELECTR_IND_ROG,101.9,103.7,158.5,,127.9,75.3,81.5,100.3,128.6,119.0,105.0,97.2,63.4,97.5,113.8,105.0,99.2,72.2,107.6,98.6,105.2,121.5,94.8,100.1,99.9,100.1,101.7,109.6,124.8,96.8,84.0,31.7,81.4,105.8,72.7,,125.5,104.3,102.7,101.4,99.9,64.9,,101.5,89.0,91.4,,115.8,95.7,85.5,111.3,103.3,102.7,88.5,103.4,104.6,158.3,94.9,98.7,79.2,89.0,89.5,98.9,99.9,118.1,100.8,98.4,97.6,107.8,99.4,103.5,104.0,100.0,106.0,121.3,95.4,108.1,101.1,103.9,102.4,122.7,97.1,106.3,88.4,104.0,108.8,95.4,96.5,119.3,102.4,105.3,99.6,100.0,102.7,99.7,99.9,76.6
2015-09-01,ELECTR_IND_ROG,100.7,96.6,245.0,,327.0,129.4,144.5,106.1,64.9,79.7,101.2,107.0,190.4,111.4,102.2,262.5,92.3,114.8,89.0,105.0,106.4,84.4,107.4,102.2,103.5,101.9,96.4,110.2,103.7,100.9,102.4,100.4,148.7,88.8,77.7,,87.9,100.9,100.3,82.8,96.8,113.7,,20.6,66.0,68.1,,103.4,100.9,121.1,117.8,111.4,91.5,111.3,121.6,94.0,142.5,84.8,101.0,155.5,101.8,98.2,152.8,103.3,104.7,105.0,101.4,102.4,79.1,110.5,108.0,104.6,102.1,104.3,129.2,91.0,126.7,106.7,106.6,98.7,106.9,109.7,125.6,130.7,100.2,111.1,102.2,98.7,108.9,86.7,121.0,101.9,100.0,114.3,96.5,96.7,70.2
2015-10-01,ELECTR_IND_ROG,115.1,118.1,133.8,397.6,146.3,131.5,105.6,106.6,115.1,108.6,123.5,133.3,138.2,140.6,86.5,154.0,104.0,130.9,146.8,147.9,118.8,117.2,109.8,118.4,108.4,120.7,132.4,118.1,110.1,111.3,101.7,943.8,143.8,106.6,132.1,,108.6,124.0,106.1,103.7,116.0,105.7,,173.4,67.1,14.0,,123.8,119.6,123.6,100.3,151.0,121.4,86.7,132.0,98.9,151.0,132.5,114.8,166.2,141.1,118.9,152.5,109.0,128.8,96.7,112.1,112.4,85.1,126.8,116.4,113.2,96.4,98.5,83.4,190.3,115.9,122.8,105.9,96.9,114.9,120.1,109.7,94.1,120.4,126.0,109.5,107.5,123.6,130.0,120.6,111.4,100.0,111.7,145.7,134.8,2553.1
2015-11-01,ELECTR_IND_ROG,103.8,102.8,101.5,90.5,107.0,97.3,230.2,175.2,101.3,126.1,104.4,93.3,121.7,97.4,98.9,115.2,83.9,101.4,111.2,111.3,105.7,102.4,105.4,104.6,101.3,105.4,90.0,112.9,115.6,108.9,102.9,41.7,95.4,107.4,107.3,,98.8,97.8,100.1,116.6,94.4,76.7,,76.3,70.9,99.2,,99.4,99.3,105.6,95.2,107.0,103.0,105.6,109.2,92.9,108.3,101.6,100.2,115.4,99.4,92.5,119.2,102.6,112.3,115.6,100.3,96.1,160.8,112.6,91.1,106.8,110.2,112.4,121.7,78.2,120.2,105.7,116.3,109.9,107.9,109.8,96.4,107.4,110.9,116.5,109.0,137.5,117.0,89.4,89.0,108.1,100.0,108.2,131.3,125.5,201.1
2015-12-01,ELECTR_IND_ROG,105.6,101.6,95.7,93.3,104.4,132.7,60.0,137.0,96.9,90.3,105.7,91.2,102.3,101.3,124.5,105.2,98.1,89.3,116.2,101.9,100.7,104.9,107.1,106.4,100.5,107.8,100.2,102.7,94.4,108.4,122.9,13.2,100.4,115.3,109.2,,111.3,105.2,116.4,117.7,113.7,125.3,,86.5,76.2,64.9,,113.5,106.0,95.2,116.5,113.9,104.2,104.5,122.2,90.1,120.7,107.5,95.1,106.1,113.2,121.2,111.2,106.8,103.3,108.4,102.8,102.4,107.8,102.6,120.9,105.3,95.5,104.7,217.6,105.3,109.3,108.6,101.6,103.9,110.6,115.1,104.8,103.4,111.7,110.6,111.9,106.0,123.6,103.5,138.9,114.2,300.0,102.8,194.8,182.9,284.6
2016-01-01,ELECTR_IND_ROG,104.1,101.9,86.5,126.4,129.4,94.1,210.2,137.4,85.4,88.4,106.9,101.7,116.0,124.3,79.7,93.2,111.7,121.9,125.8,109.5,110.8,115.0,102.9,112.3,104.0,114.1,113.7,101.0,106.0,107.1,79.2,2500.1,128.0,102.8,111.3,,102.6,104.6,101.3,103.1,105.9,118.1,,64.2,102.1,76.5,,104.4,107.1,100.2,128.3,103.9,145.3,103.3,117.8,96.8,109.2,98.2,95.6,113.7,101.2,107.5,116.6,104.2,93.9,108.4,105.4,106.8,97.8,100.2,93.8,101.4,124.4,99.7,61.9,99.0,99.3,101.1,100.3,100.3,106.7,103.3,102.1,108.8,100.1,97.2,101.0,97.4,102.6,104.4,94.0,99.1,100.0,106.0,110.6,106.7,129.5
